0.52375,0.47375,0.0025
0.553125,0.443125,0.00375
0.544375,0.45,0.005625
0.536875,0.45875,0.004375
0.545625,0.45,0.004375
0.556875,0.4375,0.005625
0.556875,0.439375,0.00375
0.565625,0.43125,0.003125
0.56625,0.426875,0.006875
0.574375,0.42125,0.004375
0.63625,0.3525,0.01125
0.619375,0.36625,0.014375
0.66,0.325625,0.014375
0.6325,0.355,0.0125
0.633125,0.351875,0.015
0.749375,0.229375,0.02125
0.736875,0.2425,0.020625
0.74375,0.23125,0.025
0.7425,0.226875,0.030625
0.751875,0.2275,0.020625
0.81875,0.145,0.03625
0.801875,0.17,0.028125
0.815,0.15125,0.03375
0.79625,0.178125,0.025625
0.805625,0.15125,0.043125
0.81875,0.15125,0.03
0.824375,0.14,0.035625
0.82625,0.1375,0.03625
0.818125,0.14,0.041875
0.8025,0.159375,0.038125
0.851875,0.11125,0.036875
0.823125,0.131875,0.045
0.83,0.14375,0.02625
0.834375,0.1275,0.038125
0.8225,0.145,0.0325
0.83125,0.141875,0.026875
0.813125,0.156875,0.03
0.800625,0.154375,0.045
0.844375,0.126875,0.02875
0.83625,0.135625,0.028125
0.81125,0.16,0.02875
0.8225,0.148125,0.029375
0.820625,0.14625,0.033125
0.83625,0.13,0.03375
0.81625,0.15,0.03375
0.80875,0.15375,0.0375
0.815625,0.151875,0.0325
0.81125,0.165625,0.023125
0.816875,0.15,0.033125
0.81125,0.153125,0.035625
