0.683125,0.315625,0.00125
0.681875,0.315,0.003125
0.6775,0.320625,0.001875
0.673125,0.32375,0.003125
0.69,0.3075,0.0025
0.689375,0.306875,0.00375
0.68,0.31875,0.00125
0.685625,0.310625,0.00375
0.69,0.306875,0.003125
0.708125,0.29,0.001875
0.708125,0.281875,0.01
0.713125,0.27875,0.008125
0.74,0.25125,0.00875
0.7325,0.259375,0.008125
0.70375,0.2825,0.01375
0.763125,0.219375,0.0175
0.775625,0.20125,0.023125
0.77,0.21375,0.01625
0.78625,0.19125,0.0225
0.770625,0.20625,0.023125
0.834375,0.140625,0.025
0.826875,0.1375,0.035625
0.82375,0.14625,0.03
0.825625,0.140625,0.03375
0.808125,0.165625,0.02625
0.853125,0.12125,0.025625
0.833125,0.131875,0.035
0.84,0.12625,0.03375
0.838125,0.13625,0.025625
0.848125,0.123125,0.02875
0.84875,0.12375,0.0275
0.85,0.121875,0.028125
0.845,0.12375,0.03125
0.849375,0.115625,0.035
0.843125,0.124375,0.0325
0.856875,0.109375,0.03375
0.843125,0.130625,0.02625
0.8525,0.111875,0.035625
0.8525,0.118125,0.029375
0.8325,0.13625,0.03125
0.84625,0.12625,0.0275
0.833125,0.13875,0.028125
0.82625,0.149375,0.024375
0.84625,0.125,0.02875
0.81625,0.15125,0.0325
0.820625,0.15,0.029375
0.840625,0.130625,0.02875
0.824375,0.144375,0.03125
0.826875,0.141875,0.03125
0.848125,0.124375,0.0275
0.678819,0.319166,0.00201568
0.679452,0.318698,0.00185
0.676859,0.321266,0.001875
0.679464,0.31856,0.0019761
0.677573,0.320419,0.00200889
0.685763,0.311577,0.00265954
0.688415,0.308489,0.00309524
0.690798,0.306737,0.00246528
0.683541,0.313388,0.00307062
0.686099,0.311144,0.00275666
0.715019,0.275129,0.00985108
0.72198,0.269431,0.00858845
0.718671,0.272512,0.00881607
0.720576,0.270857,0.00856766
0.723181,0.268448,0.00837103
0.78209,0.197872,0.0200372
0.782429,0.197893,0.0196788
0.781663,0.199036,0.0193009
0.784744,0.196169,0.0190871
0.781451,0.198607,0.0199414
0.825549,0.148124,0.0263275
0.829419,0.14309,0.0274913
0.828669,0.144319,0.027012
0.82718,0.145394,0.0274258
0.82783,0.142948,0.0292223
0.844239,0.125806,0.0299548
0.845028,0.124535,0.0304363
0.846255,0.123572,0.0301732
0.8411,0.133677,0.0252232
0.846942,0.122544,0.0305142
0.847838,0.121939,0.0302231
0.848818,0.121049,0.0301335
0.849781,0.119508,0.0307116
0.850305,0.118275,0.03142
0.843859,0.125677,0.0304637
0.84776,0.121795,0.0304448
0.842586,0.128739,0.028675
0.847128,0.121974,0.030898
0.845754,0.123088,0.0311573
0.84509,0.124773,0.0301369
0.842043,0.127379,0.0305779
0.842309,0.128702,0.0289891
0.840541,0.129073,0.0303857
0.838686,0.131348,0.0299661
0.83684,0.132349,0.0308114
0.833603,0.138658,0.0277386
0.833415,0.137772,0.028813
